croplands_all_categories,human_pop_density_log10,managed_pasture_and_rangeland,precipitation_inFall,precipitation_spring,precipitation_summer,precipitation_winter,primary_forest_areas,primary_non_forest_areas,relative_humidity_inFall,relative_humidity_spring,relative_humidity_summer,relative_humidity_winter,secondary_forest_areas,secondary_non_forest_areas,temperature_inFall,temperature_spring,temperature_summer,temperature_winter
1.01261364679536,2.84385926210358,9.81345146400851,1.42327996903223,8.36193843887961,0.934226685222029,0.984607318547039,0.0297611664123436,8.43385370559136,41.3172330913952,0.65023722074914,5.89647190719074,5.91057050219931,1.62319980897515,0.45320907345655,0.190113625304051,3.0141893640532,2.00464753367013,5.10253621641447
1.08731235854275,5.56481481287263,3.294241328319,2.5324135281648,10.9067801539983,3.11481282546127,0.873076994420577,0.67145282196047,5.96150547330518,27.663552348778,1.07578961848323,9.38994657135694,5.7199149238761,0.795737420152218,0.811316597198573,1.13320582831516,7.04787035738633,2.6605797272595,9.69567631014898
3.22144922433027,1.91292474609978,8.05402646935822,0.756746257118438,9.44046683333801,1.69754914198657,1.4988221601808,0.104281788779775,8.31253642936915,20.9531486319957,1.24904935983836,10.4031160757668,9.80952778389805,0.948600092025154,0.298930245895348,3.61334658897819,9.89471626315071,1.98359521396609,5.84716669392458
2.99369606197819,7.95382541277721,7.36911765997266,5.26841525171725,9.26600001606461,2.00888569691648,1.39127663379685,0.0929047596495463,6.3006220971234,22.281788416933,1.45294925574901,8.52612486546497,14.4270138088486,0.571912036656657,0.484458037583014,2.16245737211295,4.73783906919507,0.948092748483655,1.76262079897694
1.16811576642752,5.33260907697628,3.54081738015025,0.584521379224859,7.83887552845126,1.15218450304003,1.00354288042014,0.0329298188009783,5.91334127963708,16.2823573734856,0.240892770363052,10.0127811133789,3.93937904415172,1.29008703936594,0.250168931683348,4.38752913313716,11.5810128238159,18.3410256596455,7.10782849784445
3.8345578864805,6.08183145667613,5.77769294860805,1.45104082622501,7.21835195644501,0.733873372753484,1.46510197730033,0.232739189451624,2.95140107627517,16.8125466370415,1.39117622479999,15.8097224277881,11.3286610853737,1.7837722827147,0.934265267759196,2.17387406127838,5.09572006464895,3.98698737645138,10.9366838819289
2.29133855915523,3.83582965436212,7.03384073137216,1.93575653425997,9.26688563525348,4.1054921679323,2.1765566091586,0.0712993952229103,7.45341509939693,15.8516678946871,0.724503965381826,18.4006370005041,4.04183303533055,0.780261353028689,0.650578232314713,0.19840728288771,16.0019393545724,3.53463989999665,1.64511759518259
2.64063826118349,9.47447707388301,8.26887450370215,0.786024551494423,6.9318828949785,1.57964820883707,1.52038219082658,0.154936342598464,8.24113200093586,17.7941573846884,1.00965769758174,12.5923943575937,7.18615208252431,4.32955252721381,1.06945457451088,0.606798898603708,5.01298506410762,9.23055769408986,1.57029369064649
0.894456112280583,6.90292187605476,2.16182258334815,1.6767984044745,10.2524353086663,4.56840531985816,2.92184240224553,0.0431461540233337,9.32522808077187,12.4522268736914,1.16870456416738,22.2370056943408,3.67373684369829,1.49816426033637,0.3356882057367,4.15103377741617,9.78968803486891,3.46280580209249,2.48388970192836
1.2685084666421,8.06363306917057,2.17499963182429,2.75912890904988,13.4718022890588,6.25122499314524,1.13248590628737,0.0325618803152191,3.05108220524652,6.51851722163106,0.733661130198566,23.770104227796,5.50299332028157,0.620796924805381,0.443938319584415,5.44318649693038,12.6842710152755,2.06800965656883,4.0090943361884
2.11413895137282,7.72494886877515,5.21666046923696,0.470883918041159,8.11052533071721,0.508214688301692,1.20759992471978,0.0931884471229709,7.45422454019514,31.1280546466946,0.951950351932403,7.96703468696296,3.33154194206986,1.72360061974742,0.375192278112443,4.52198713965869,9.00936240950285,0.883984936673492,7.20690585016242
2.64141935961536,6.8415215912565,4.80156884660885,0.705062436769491,7.39156145801025,3.95106453995906,1.28529268092925,0.119314081281782,6.63878722689482,31.3858800985506,0.660189750747091,8.45796393870659,2.74658834989637,1.71276699169378,0.467530296724387,0.557765029888496,4.20390882943003,8.21941184292826,7.21240265010903
3.06493075126217,7.12050620058987,4.47463884659233,1.65720750231859,9.64960053984764,1.83883622950431,2.43970243953083,0.1059580978564,12.9738317482201,17.9003639752218,0.399484174369259,13.7809985338935,4.99318097296857,2.76564508730417,0.739487473152504,3.12097424461941,7.18659545547932,1.92750167386566,3.86055605340365
1.9164001057339,4.36802385880416,3.92192576367501,2.26224114150252,10.4235892726404,0.712164276218903,1.0211057303947,0.163684988077982,3.46749044756596,34.8208344954733,0.598791777580616,16.3880564157838,2.60664452419431,1.05314870854406,0.577363339362456,0.634504253621682,6.40894806216109,3.47153527325482,5.18354756541025
3.09334949126611,6.43997945917294,9.53285311586023,0.684284721862716,8.09297902321982,1.32959480646313,0.536290749912911,0.121879515659888,7.42402595041289,20.7844209056105,0.482781269198061,9.91770264556946,6.79862432465767,1.5359979551329,0.322377183132929,1.03058227810968,13.1111641787042,3.07929303657426,5.68181938947969
2.23080209809112,4.19465244349397,4.97658961652449,1.01683172116592,10.091995857306,1.55669547168415,0.672025950523584,0.0510381889968127,5.20744777775259,30.6953863690326,0.37030772014014,2.27018445373818,9.82142394302987,0.978908221463071,0.226233466385352,2.02357334498565,16.4731083547758,2.48062063468857,4.66217436622218
4.02020823989211,9.18076784739869,7.04311267258678,2.75752548795898,9.85784927487391,0.852070297451957,2.08725325903012,0.0277246293526787,7.52471558770017,13.6693763391577,0.75110393060196,10.2240703097242,9.44130372580984,1.96665597252052,0.599742875119759,0.766111286651166,12.1514229712005,3.39212495254382,3.68686034042515
2.31494417279246,2.90833846951817,6.19071113168808,0.808724234604776,9.41176451505704,4.04210057472145,0.435411063468805,0.315778325834853,5.17414993050419,48.2793199626354,0.344468464875046,1.80512629195289,3.73127028728078,0.427715029175665,0.292835494379542,5.10520686357512,2.57695264619333,1.18584459866236,4.64933794308001
3.43683612356073,9.83134666422811,5.08836945686086,1.87698564337738,7.64132369460589,6.26422496403082,1.47038652709001,0.0456105303450932,9.00054720227701,12.0887983140882,0.199073366364846,5.99517875726983,2.33969740396955,3.47267949380387,0.38901252484993,3.81512120140594,14.9339022630781,3.51819699703036,8.59270887176344
3.50843366377002,6.12509242095597,8.8677506662013,1.7702880127045,7.11755872759693,1.93530759808394,1.36088319507712,0.76938661555056,10.4153952672298,20.0969824373127,1.54956954034191,7.70653514269591,11.0820555811312,2.3061041056835,1.24321628399294,1.19293446197276,6.58609619862567,3.66079460776265,2.70561547331057
1.55234716666525,6.06972868033237,4.74804728204671,1.52295593766772,9.19772669757067,3.03673138737415,1.1958854573607,0.0160434232153044,6.31875692507791,37.4832817415551,0.47972943630796,9.30165128573699,6.71203214461729,1.09583339962977,0.48719119382151,0.18871686004604,4.25336673782918,3.86234253381082,2.4776317093346
1.26295528851708,5.57624741974684,4.68223063012686,1.00991724832961,11.506291648119,1.52666641435339,0.582068372438856,0.00409384356655529,1.66415187029639,29.5560864296365,0.596024958523152,13.4832570735011,7.80672397025041,0.954773313733873,0.816529599900629,2.39164956664707,2.01411040302165,5.46628966655055,9.09993228274047
0.418010744705596,5.08349965184808,3.26902182003079,2.3745828697682,9.82023905915917,17.3484441903391,1.18908620527108,0.199705265340915,5.03919599228666,24.7927969989416,1.78953408839943,6.92035962580161,3.46090638891823,1.58512684271295,0.718132218455376,0.594746065537204,2.62427215687588,5.39937950673926,7.37296030886884
1.40731277507647,9.29757434268052,7.21963466986848,0.71823240467714,8.29725750473059,4.18516311376979,1.43168854480996,0.0475339780634093,12.0511792025918,12.4036388133037,1.49974934620275,7.67918137381513,1.98385954388292,3.20761435229954,0.580682886458618,0.779145945537357,18.1300054779854,8.10504402591255,0.975501698333828
2.25363549173362,7.89100308971072,3.36623797731284,1.33156699565086,8.6914757092864,0.423605530544026,1.40412597021648,0.781782501669901,5.67913075884454,31.4043368221314,0.980944567932743,14.2399804990491,4.9672670688198,0.773868874539141,0.578117605882908,1.59747801033391,7.25712832857242,3.8009759812002,2.57733821656899
2.9643929177643,2.62323800044642,7.72589612481186,2.52273138158247,12.7314202235769,2.91130245931049,2.28817089717576,0.123444176871033,6.60207162406511,29.6447336655295,0.437503090144389,5.19371730266865,10.3157525927808,0.128421558565311,0.438480716339572,0.413564839610801,4.6681335334469,3.55817410085915,4.70885079445055
0.964324783826454,3.93754850477676,2.70975107306226,0.582388787108451,8.95835930830791,3.35207648736191,1.08456499299371,0.0645084684230549,6.33467236411185,23.5469074175842,0.21828507034767,23.3485758701503,3.13217600952452,0.800069400644696,2.52269552378491,1.41647122787192,5.67236354303555,6.57058174911723,4.78367941796669
0.628226521774564,4.43313020951237,5.75935077511091,2.35408291446091,7.8830383978834,2.49176686462946,2.23837789364437,0.0480769861145698,6.92166683763391,2.70809914507832,0.218162800038978,35.4317789331461,7.78688689770997,2.04822163011815,0.749493010796125,0.565397851958267,11.8228455151286,2.11578280003995,3.79561401522112
2.70147090092999,7.79654871717289,2.99517707665448,1.31773594496257,6.48135899637402,1.29278699468213,1.0389794589847,0.0653425051817183,11.9186795558022,16.4720032483179,0.730509106836745,15.719705808496,4.556930213553,1.12687670751661,0.761087895856329,2.85678967050211,9.53800065840451,7.14572045813669,5.48429608163533
1.07834524037957,6.80564903553818,4.5674703184697,0.604593784182554,8.69651470695604,8.01433023753482,1.64050757291715,0.193039224767715,5.62694128184808,30.1658016872592,1.26784431342232,7.62502710656485,7.07247976694314,0.476011351166689,0.347900263123987,0.652833216664893,7.0117455708177,4.72740149125056,3.42556383019281
